list(nid_new=5.00000E+01, n_new=4.38000E+02, y_new=c(3.95683E+00, 8.74796E+00, -8.06863E+00, -7.22220E+00, 1.68041E+01, -5.70742E+00, 1.54850E+01, 7.80559E+00, 1.97568E+01, 2.50126E+01, 2.99847E+01, 4.80053E+01, 4.27158E+01, 6.87629E+01, 6.64290E+01, 9.12715E+01, 9.55284E+01, 1.19856E+02, 1.18276E+02, 1.24250E+02, -8.11852E-01, 9.37335E+00, 1.21431E+01, 2.36134E+01, 1.68705E+01, 2.02662E+01, 2.23743E+01, 2.06490E+01, 3.01512E+01, 3.52862E+00, 1.13649E+01, 1.75478E+01, 4.27587E+01, 2.47191E+01, 4.08379E+01, 6.34273E+01, 6.12416E+01, 8.76008E+01, 7.05531E+01, 8.22325E+01, 7.83881E+01, 9.94787E+01, 1.17236E+02, 1.08634E+02, 1.30783E+02, 2.70644E+01, 2.29488E+01, 6.07739E+01, 7.35254E+01, 7.56421E+01, 9.56557E+01, 1.78958E+01, 2.37800E+01, 4.48086E+01, 5.31725E+01, 6.48531E+01, 6.96297E+01, 8.34303E+01, 1.05690E+02, 1.11463E+00, -1.06706E+01, 1.85229E+01, -8.77954E+00, -2.97631E+01, -7.56738E+00, 3.98065E+00, -2.35577E+01, -2.90941E+01, -2.71137E+01, -1.61845E+01, -2.18872E+01, -3.03498E+01, -3.94399E+01, 9.88511E-01, 1.62206E+00, -1.62852E+01, -3.30170E+01, -2.98782E+01, -5.33615E+01, 3.55421E+01, 4.06245E+01, 5.41729E+01, 5.47069E+01, 5.16879E+01, 9.31256E+01, 7.42230E+01, -9.64498E+00, -7.83560E-03, -2.62147E+01, -4.11476E+01, -2.66730E+01, -5.73809E+01, -4.61256E+01, -7.35488E+01, -7.13923E+01, 2.02364E+01, 4.12494E+01, 2.08043E+01, 5.05586E+01, 3.46275E+01, 4.04543E+01, 5.15291E+01, 5.92823E+01, 5.21141E+01, 3.68388E+01, 6.76142E+01, 7.08736E+01, 6.01355E+01, 8.71197E+01, 1.27546E+01, -9.78878E+00, -2.17365E+01, -5.31950E+01, -1.00390E+02, -9.79214E+01, -1.22089E+02, -1.40764E+02, -1.53268E+02, -1.76360E+02, -1.84859E+02, -1.81014E+02, -2.31768E+02, 2.12107E+01, 1.26966E+01, -1.70899E+00, 1.09177E+01, 4.42566E+00, -6.11953E+00, -2.69630E+00, -2.94928E+01, -2.56517E+01, -3.97295E+01, -2.97512E+01, -4.73815E+01, -5.48587E+00, -8.96240E+00, -1.95417E+01, -4.65003E+01, -3.46508E+01, -3.68477E+01, -6.30832E+01, -4.99483E+01, -7.86434E+01, -7.40511E+01, 2.52939E+01, 3.28645E+01, 3.41692E+01, 5.43074E+01, 3.47884E+01, 4.18117E+01, 2.59390E+01, 5.24820E+01, 5.00285E+01, 5.65403E+01, 1.64863E+01, 3.95560E+01, 5.04876E+01, 5.41205E+01, 3.53378E+01, 4.49277E+01, 5.01797E+01, 4.92051E+01, 2.98108E+01, 3.01247E+01, 2.10770E+01, 3.82853E+01, 3.01764E+01, 4.69355E+01, 5.48775E+01, 2.13450E+01, 4.08431E+01, 5.29985E+01, 7.30956E+01, 8.07706E+01, 8.07498E+01, 1.16259E+02, 1.09717E+02, 1.45109E+02, 1.56422E+02, 1.47419E+01, -5.73953E+00, -1.35829E+01, -1.77839E+01, -3.96136E+01, -1.74912E+01, -5.07969E+01, 1.43236E+00, 1.99034E+00, -2.54266E+00, 4.23521E+00, -3.98068E-01, -6.87107E+00, 5.92352E+00, -3.84567E+00, -2.23442E+00, 2.04299E+01, 8.06132E+00, 4.56767E+00, 1.91482E+01, 2.74854E+01, 2.47320E+01, 3.49172E+01, 6.33444E+00, 2.79515E+01, 2.70625E+01, 2.02204E+01, 7.37524E+00, 4.22402E-01, -9.98169E+00, -1.75596E+01, -2.77577E+00, -8.59504E+00, -2.90893E+01, -3.08934E+01, -1.69519E+01, 7.96936E+00, -1.00165E-01, 1.18398E+01, -1.28584E+01, -7.72371E+00, 4.68852E+00, -4.78592E+00, -1.65515E+01, -3.61928E+01, -4.68655E+01, -4.98926E+01, -6.11609E+01, -6.75687E+01, -1.01337E+02, -1.02977E+02, 2.29263E+01, 1.35582E+01, -7.37593E+00, 1.56773E+01, -6.11428E+00, 1.11031E+01, 1.11740E+01, 2.61566E+01, 2.12204E+00, 3.81537E+01, 3.86508E+01, 3.35064E+01, 4.40665E+01, 2.80851E+01, 3.40227E+01, 1.30674E+01, 2.91370E+01, 4.07976E+01, 2.22849E+01, 1.77686E+01, 2.17847E+01, 2.20196E+01, 2.93856E+01, 3.27830E+01, 1.71910E+01, 9.21403E+00, 2.09911E+01, 6.46098E+00, 1.85181E+01, 2.33795E+01, 2.85520E+01, 5.58915E+00, 2.95249E+01, 1.84382E+01, 2.15789E+01, 3.98438E+01, 1.94158E+01, 4.15072E+01, 2.06016E+01, 4.56664E+01, 3.16977E+01, 4.47361E+01, 8.42219E+01, 7.58195E+01, 6.42605E+01, 8.04403E+01, 1.03991E+01, 9.23845E+00, 3.51020E+01, 2.13433E+01, 2.60308E+01, 2.23788E+01, 3.35787E+01, 3.68493E+01, 3.91764E+01, 3.10595E+01, 3.65297E+00, 3.90728E+01, 3.01273E+01, 1.14685E+01, 2.00197E+01, 3.63584E+01, 1.74685E+01, 3.40286E+01, 3.66905E+01, 6.28189E+01, 5.68325E+01, 6.20681E+01, 6.62208E+01, 8.91190E+01, 7.84057E+01, 9.83523E+01, 1.05425E+02, 1.45756E+02, 1.53392E+02, 1.31173E+01, -1.96452E+01, -4.16022E+01, -4.68797E+01, -7.04251E+01, -1.17418E+02, -1.13727E+02, -1.48941E+02, -1.60167E+02, -1.70356E+02, -1.98250E+02, 2.07124E+01, 2.47505E+01, 1.42935E+01, 1.86258E+01, 1.81351E+01, 4.01786E+00, 1.93901E+00, 7.84461E+00, 3.45524E+01, 3.55386E+01, 5.89004E+01, 8.67090E+01, 8.89255E+01, 1.09144E+02, 1.04161E+01, 2.86869E+01, 2.14747E+01, 6.27780E+01, 7.18454E+01, 9.30442E+01, 7.79412E+01, 9.67672E+01, 4.16487E+01, -5.71656E+00, -1.92050E+00, 1.67953E+01, 1.15744E+01, 1.50588E+01, 3.88215E+01, 4.10461E+01, 4.04142E+01, 6.50867E+01, 7.95945E+01, 8.73137E+01, 1.07644E+02, 1.13020E+01, 3.12110E+01, 3.47234E+01, 3.95174E+01, 6.16347E+01, 7.27465E+01, 7.62915E+01, 2.78625E+01, 4.04012E+01, 2.81809E+01, 5.38240E+01, 5.68655E+01, 5.44695E+01, 3.29119E+01, 4.90517E+01, 5.19975E+01, 6.22873E+01, 2.39917E+01, 2.07284E+01, 4.85539E+01, 6.63815E+01, 5.30924E+01, 4.54438E+01, 8.96916E+01, 8.29366E+01, 1.05880E+02, 8.59409E+01, 1.06888E+02, 3.56955E+00, -2.38961E+01, -3.04989E+01, -3.68552E+01, -5.71390E+01, -8.16028E+01, -8.85213E+01, -1.02692E+02, 1.83254E+01, 2.98865E+00, 1.08260E+01, 1.22590E+01, 1.07496E-01, -1.32391E+01, 3.64296E+00, -1.53857E+01, -1.81068E+01, -2.45860E+01, -4.61878E+01, -3.41020E+01, -3.96963E+01, 1.68306E+01, -8.15796E+00, 1.23300E+01, -2.86796E+01, 8.00807E+00, -1.37866E+00, 1.57711E+00, -1.60396E+01, -2.41701E+01, 1.13297E+01, -2.27953E+01, 3.72261E+01, 4.92036E+01, 4.90751E+01, 4.16272E+01, -1.33888E+01, -2.69321E+01, -4.71144E+01, -5.01391E+01, -6.28338E+01, -1.00146E+02, -9.27228E+01, -1.13425E+02, -1.24499E+02, -1.40874E+02, -9.22015E+00, -2.77694E-01, -6.80536E+00, 1.76218E+00, 5.65308E+00, 1.10510E-01, 8.24635E+00, 1.11778E+01, -1.29378E+01, 7.84759E+00, 5.19378E+00, -1.44653E+01,     NA),