list(nid_new=5.00000E+01, n_new=4.38000E+02, y_new=c(3.95683E+00, 8.74796E+00, -8.76119E+00, -8.60732E+00, 1.47264E+01, -7.78510E+00, 1.27148E+01, 4.34279E+00, 1.97568E+01, 2.50126E+01, 2.99847E+01, 4.80053E+01, 4.27158E+01, 6.87629E+01, 6.64290E+01, 9.12715E+01, 9.55284E+01, 1.19856E+02, 1.11666E+02, 1.24250E+02, -8.11852E-01, 1.28920E+01, 1.21431E+01, 2.71320E+01, 1.68705E+01, 2.02662E+01, 2.23743E+01, 2.06490E+01, 3.01512E+01, 3.52862E+00, 6.84326E+00, 1.30262E+01, 3.37155E+01, 2.01975E+01, 3.17947E+01, 4.98625E+01, 4.76768E+01, 6.95144E+01, 5.24667E+01, 6.41461E+01, 5.57801E+01, 7.68707E+01, 9.01059E+01, 7.69826E+01, 9.91322E+01, 2.70644E+01, 2.29488E+01, 6.79306E+01, 8.78388E+01, 9.71123E+01, 1.17126E+02, 1.78958E+01, 1.98569E+01, 4.48086E+01, 4.92494E+01, 6.09300E+01, 6.57066E+01, 7.95072E+01, 9.78442E+01, 1.11463E+00, -1.33641E+01, 1.31359E+01, -1.68600E+01, -4.05371E+01, -2.10349E+01, -1.21803E+01, -4.24121E+01, -5.06420E+01, -5.13552E+01, -4.31194E+01, -5.15156E+01, -6.26717E+01, -7.44554E+01, 9.88511E-01, 5.76125E+00, -8.00683E+00, -2.05995E+01, -9.18225E+00, -2.85264E+01, 3.55421E+01, 5.03702E+01, 8.34103E+01, 9.36901E+01, 1.10163E+02, 1.61346E+02, 1.61935E+02, -9.64498E+00, 4.19516E+00, -9.40270E+00, -2.01327E+01, 2.74795E+00, -2.37570E+01, -4.09563E+00, -2.31129E+01, -1.67534E+01, 2.02364E+01, 4.54711E+01, 2.50260E+01, 5.90021E+01, 4.30709E+01, 5.31195E+01, 6.84161E+01, 7.61692E+01, 7.74445E+01, 6.21692E+01, 9.71664E+01, 1.04648E+02, 9.39094E+01, 1.25115E+02, 1.27546E+01, -1.96533E+01, -3.16011E+01, -7.29240E+01, -1.20119E+02, -1.27515E+02, -1.51683E+02, -1.80222E+02, -1.92726E+02, -2.25682E+02, -2.53911E+02, -2.50066E+02, -3.10684E+02, 2.12107E+01, 1.26966E+01, 4.69342E-02, 1.09177E+01, 6.18158E+00, -4.36361E+00, -9.40375E-01, -2.59810E+01, -2.21399E+01, -3.79736E+01, -2.62394E+01, -4.38697E+01, -5.48587E+00, -8.96240E+00, -2.74099E+01, -5.43685E+01, -4.25190E+01, -4.47159E+01, -7.88196E+01, -6.56847E+01, -9.43798E+01, -8.97875E+01, 2.52939E+01, 4.06107E+01, 5.35347E+01, 7.75460E+01, 6.57731E+01, 8.44157E+01, 7.62891E+01, 1.10578E+02, 1.19744E+02, 1.30129E+02, 1.64863E+01, 3.95560E+01, 5.04876E+01, 5.41205E+01, 3.29652E+01, 4.25551E+01, 5.01797E+01, 4.68325E+01, 2.98108E+01, 3.52261E+01, 3.12798E+01, 4.84880E+01, 4.54806E+01, 6.73411E+01, 8.03844E+01, 2.13450E+01, 3.38483E+01, 3.90088E+01, 5.21110E+01, 5.27912E+01, 5.27704E+01, 8.12845E+01, 6.77475E+01, 9.61446E+01, 1.00463E+02, 1.47419E+01, -1.79641E+00, -5.69667E+00, -2.01144E+00, -1.98980E+01, 6.16750E+00, -2.31950E+01, 1.43236E+00, 2.88887E+00, -1.64413E+00, 5.13373E+00, 5.00455E-01, -5.07403E+00, 7.72056E+00, -2.04863E+00, 4.61145E-01, 2.31254E+01, 1.16554E+01, 4.56767E+00, 1.93961E+01, 2.82293E+01, 2.57239E+01, 3.64050E+01, 8.07025E+00, 3.01832E+01, 2.95423E+01, 2.29481E+01, 7.37524E+00, 4.22402E-01, -9.98169E+00, -1.75596E+01, -2.77577E+00, -8.59504E+00, -2.90893E+01, -2.56219E+01, -1.16804E+01, 7.96936E+00, 1.62047E+00, 1.70017E+01, -5.97588E+00, -8.41166E-01, 4.68852E+00, 1.09891E+00, 1.10301E+00, -1.26535E+01, -2.33262E+01, -1.45836E+01, -1.99671E+01, -2.04901E+01, -4.24891E+01, -3.82444E+01, 2.29263E+01, 1.35582E+01, -7.27212E+00, 1.58849E+01, -5.80287E+00, 1.14145E+01, 1.15892E+01, 2.65718E+01, 2.53725E+00, 3.81537E+01, 3.66942E+01, 3.15498E+01, 4.01534E+01, 2.80851E+01, 3.72771E+01, 1.95761E+01, 3.89000E+01, 5.05606E+01, 3.53023E+01, 1.77686E+01, 1.98910E+01, 1.82323E+01, 2.37046E+01, 2.52084E+01, 7.72274E+00, -2.14792E+00, 5.84184E+00, -1.05819E+01, 1.85181E+01, 2.90831E+01, 4.28112E+01, 2.55520E+01, 5.51915E+01, 4.98085E+01, 5.86528E+01, 8.54733E+01, 7.07489E+01, 9.85440E+01, 2.06016E+01, 4.56664E+01, 3.65563E+01, 5.44534E+01, 9.39391E+01, 8.55368E+01, 7.88365E+01, 9.50162E+01, 1.03991E+01, 7.92375E+00, 3.24726E+01, 1.87139E+01, 2.20867E+01, 1.71200E+01, 2.70052E+01, 3.02758E+01, 3.12882E+01, 3.10595E+01, 6.21441E+00, 4.41957E+01, 3.52502E+01, 1.91528E+01, 3.02654E+01, 4.66042E+01, 1.74685E+01, 2.62300E+01, 2.49925E+01, 4.33222E+01, 2.95371E+01, 2.69741E+01, 2.72274E+01, 4.23270E+01, 2.77144E+01, 3.98622E+01, 4.30361E+01, 7.16685E+01, 7.54055E+01, 1.31173E+01, -1.96452E+01, -4.16022E+01, -4.68797E+01, -8.37796E+01, -1.30772E+02, -1.27082E+02, -1.62295E+02, -1.86877E+02, -1.83711E+02, -2.24959E+02, 2.07124E+01, 2.47505E+01, 1.42935E+01, 1.73165E+01, 1.68257E+01, 2.70851E+00, 6.29654E-01, 6.53526E+00, 3.45524E+01, 3.55386E+01, 6.56949E+01, 9.35035E+01, 9.57199E+01, 1.09144E+02, 1.04161E+01, 2.35578E+01, 2.14747E+01, 5.76488E+01, 7.18454E+01, 8.79151E+01, 7.79412E+01, 9.16381E+01, 4.16487E+01, -1.17204E+01, -1.39283E+01, -1.21631E+00, -1.24411E+01, 1.50588E+01, 4.73191E+01, 4.95436E+01, 6.59068E+01, 9.05793E+01, 1.13585E+02, 1.29801E+02, 1.50132E+02, 1.13020E+01, 3.12110E+01, 3.03831E+01, 3.51772E+01, 5.29542E+01, 5.97258E+01, 6.32708E+01, 2.78625E+01, 4.53755E+01, 3.81295E+01, 6.87469E+01, 8.17369E+01, 7.93409E+01, 6.77319E+01, 8.38717E+01, 9.67662E+01, 1.12030E+02, 2.39917E+01, 2.07284E+01, 5.33740E+01, 7.60219E+01, 6.27328E+01, 5.99043E+01, 1.04152E+02, 1.02217E+02, 1.25160E+02, 1.10042E+02, 1.30989E+02, 3.56955E+00, -1.01809E+01, -9.92624E+00, -2.56736E+00, -1.59936E+01, -2.67423E+01, -2.68033E+01, -2.72585E+01, 1.83254E+01, -3.35687E-01, 4.17733E+00, 5.61034E+00, -9.86551E+00, -2.65365E+01, -9.65438E+00, -3.20074E+01, -3.80528E+01, -4.45320E+01, -6.94581E+01, -6.06966E+01, -6.96153E+01, 1.68306E+01, -8.15796E+00, 1.29099E+01, -2.80997E+01, 9.16772E+00, -2.19015E-01, 2.73676E+00, -1.43001E+01, -2.24306E+01, 1.36490E+01, -2.04760E+01, 3.72261E+01, 4.92036E+01, 5.28405E+01, 4.53926E+01, -1.33888E+01, -3.47578E+01, -5.49402E+01, -6.57906E+01, -8.63111E+01, -1.23624E+02, -1.24026E+02, -1.52554E+02, -1.63628E+02, -1.87828E+02, -9.22015E+00, -2.77694E-01, -7.02042E+00, 1.54712E+00, 5.43802E+00, -1.04546E-01, 7.81624E+00, 1.07477E+01, -1.33680E+01, 7.63254E+00, 4.76367E+00, -1.48955E+01,     NA),