list(tau.V0_new=1.00000E+00, tau.V1_new=1.00000E+00, rho_new=0.00000E+00)
